127,14
127,13
127,4
127,12
0,407
0,406
126,85
126,257
0,392
0,508
0,507
0,506
0,494
0,484
0,473
0,381
0,380
127,11
127,10
127,5
128,19
0,378
0,376
0,375
127,9
0,371
0,367
0,363
0,361
0,360
0,358
0,357
0,355
0,354
0,353
0,352
0,351
0,350
0,349
0,348
0,347
0,346
0,345
0,340
0,338
0,335
126,320
0,334
0,333
126,256
0,331
0,325
0,323
126,192
199,38
199,37
199,36
0,320
0,319
199,35
191,7
191,6
191,5
191,4
191,3
191,2
191,1
191,0
189,8
189,7
189,6
189,5
189,4
189,3
189,2
189,1
189,0
188,5
188,4
188,3
188,2
188,1
188,0
187,3
187,2
187,1
187,0
186,7
186,6
186,5
186,4
186,3
186,2
186,1
186,0
185,7
20,2
185,6
20,1
185,5
20,3
185,4
0,356
185,3
185,2
185,1
185,0
184,3
184,2
184,1
184,0
183,3
183,2
183,1
183,0
181,3
181,2
181,1
181,0
180,7
180,6
180,5
180,4
180,3
180,2
180,1
180,0
179,5
179,4
19,2
179,3
19,1
179,2
19,3
179,1
179,0
178,5
178,4
178,3
178,2
178,1
178,0
177,3
177,2
177,1
177,0
175,5
175,4
175,3
175,2
175,1
175,0
174,7
174,6
174,5
174,4
174,3
174,2
174,1
174,0
173,3
173,2
173,1
173,0
172,3
172,2
18,1
172,1
18,3
172,0
171,3
171,2
14,3
171,1
13,1
171,0
13,3
169,3
169,2
169,1
169,0
168,8
168,7
168,6
168,5
168,4
168,3
168,2
168,1
168,0
167,7
167,6
167,5
167,4
167,3
167,2
167,1
167,0
166,3
166,2
166,1
166,0
165,4
165,3
165,2
165,1
165,0
164,5
164,4
164,3
164,2
